cpu  10301 0 4212 2473164 7484 1 51 6932 0 0
cpu0 2121 0 1063 301685 6528 1 51 865 0 0
cpu1 3502 0 968 307092 365 0 0 868 0 0
cpu2 334 0 415 311069 135 0 0 837 0 0
cpu3 152 0 443 311104 161 0 0 842 0 0
cpu4 1603 0 412 309874 93 0 0 879 0 0
cpu5 1003 0 351 310577 87 0 0 872 0 0
cpu6 1407 0 349 310186 76 0 0 881 0 0
cpu7 176 0 207 311574 35 0 0 885 0 0
intr 734550 0 0 0 0 0 0 0 0 0 0 0 0 0 0 0 0 81581 766 19928 40 0 324 0 74210 2105 24789 65 0 676 0 33458 165 16640 96 0 893 0 35446 155 14195 63 0 414 0 41538 122 13354 61 0 543 0 30077 156 13757 47 0 461 0 34579 202 9883 42 0 641 0 24071 143 9502 24 0 432 0 495 25 47175 96 74245 0 0 0
ctxt 544064
btime 1384677090
processes 11873
procs_running 1
procs_blocked 0
softirq 574007 0 308728 26416 47191 0 0 1 37863 354 153454
