sk       Eth Pid    Groups   Rmem     Wmem     Dump     Locks     Drops     Inode
ec0f7c00 0   0      00000000 0        0          (null) 2        0        4       
ebb54000 3   0      00000000 0        0          (null) 2        0        1711    
ebb57e00 4   0      00000000 0        0          (null) 2        0        1712    
ebb54200 5   0      00000000 0        0          (null) 2        0        1710    
ebb57c00 6   0      00000000 0        0          (null) 2        0        1713    
eb886a00 9   0      00000000 0        0          (null) 2        0        1116    
ec1fa200 10  0      00000000 0        0          (null) 2        0        1103    
ec2ce600 11  0      00000000 0        0          (null) 2        0        6       
eb9d4a00 12  0      00000000 0        0          (null) 2        0        1709    
ebb76800 13  0      00000000 0        0          (null) 2        0        1725    
ec0f7800 15  0      00000000 0        0          (null) 2        0        5       
eb527c00 15  -4127  00000000 0        0          (null) 2        0        5169    
eb55a800 15  1088   00000002 0        0          (null) 2        0        3088    
eb527600 15  -4128  00000000 0        0          (null) 2        0        5170    
eb5ff000 15  1096   00000001 0        0          (null) 2        0        124     
ec2ce400 16  0      00000000 0        0          (null) 2        0        7       
