Num       RefCount Protocol Flags    Type St Inode Path
eb505e00: 00000002 00000000 00010000 0001 01    11 @/com/ubuntu/upstart
eb203e00: 00000002 00000000 00010000 0001 01  2528 /var/spool/postfix/var/run/saslauthd/mux
eb68b800: 00000002 00000000 00010000 0001 01  8505 private/local
eb68b200: 00000002 00000000 00010000 0001 01  8508 private/virtual
eaff7c00: 00000002 00000000 00010000 0001 01  8511 private/lmtp
eaff7600: 00000002 00000000 00010000 0001 01  8514 private/anvil
eaff7000: 00000002 00000000 00010000 0001 01  8517 private/scache
eafe0a00: 00000002 00000000 00010000 0001 01  8520 private/maildrop
e9c24c00: 00000002 00000000 00010000 0001 01  8535 private/mailman
eafe0400: 00000002 00000000 00010000 0001 01  8523 private/uucp
eafd8e00: 00000002 00000000 00010000 0001 01  8526 private/ifmail
eafd8800: 00000002 00000000 00010000 0001 01  8529 private/bsmtp
eafd8200: 00000002 00000000 00010000 0001 01  8532 private/scalemail-backend
e9c24600: 00000002 00000000 00010000 0001 01  8624 @/tmp/.X11-unix/X1
eb391c00: 00000002 00000000 00010000 0001 01  8292 /var/run/mysqld/mysqld.sock
eb505000: 00000002 00000000 00010000 0001 01  1902 /var/run/php5-fpm.sock
ebbd3200: 00000002 00000000 00010000 0005 01   123 /run/udev/control
eb5cc600: 00000002 00000000 00000000 0002 01   689 /var/spool/postfix/dev/log
eb258c00: 00000002 00000000 00010000 0001 01  8454 public/cleanup
eb258200: 00000002 00000000 00010000 0001 01  8460 private/tlsmgr
eb0cec00: 00000002 00000000 00010000 0001 01  8463 private/rewrite
eb75ec00: 00000002 00000000 00010000 0001 01   675 /var/run/dbus/system_bus_socket
eb0ce600: 00000002 00000000 00010000 0001 01  8466 private/bounce
eb0ce000: 00000002 00000000 00010000 0001 01  8469 private/defer
eac00a00: 00000002 00000000 00010000 0001 01  8472 private/trace
eac00400: 00000002 00000000 00010000 0001 01  8475 private/verify
eb75ee00: 0000000C 00000000 00000000 0002 01   680 /dev/log
eb314e00: 00000002 00000000 00010000 0001 01  8478 public/flush
eb314800: 00000002 00000000 00010000 0001 01  8481 private/proxymap
eb314200: 00000002 00000000 00010000 0001 01  8484 private/proxywrite
ead2dc00: 00000002 00000000 00010000 0001 01  8487 private/smtp
ead2d600: 00000002 00000000 00010000 0001 01  8490 private/relay
ead2d000: 00000002 00000000 00010000 0001 01  8493 public/showq
eb31ea00: 00000002 00000000 00010000 0001 01  8496 private/error
eb31e400: 00000002 00000000 00010000 0001 01  8499 private/retry
eb68be00: 00000002 00000000 00010000 0001 01  8502 private/discard
e9c24400: 00000002 00000000 00010000 0001 01  8625 /tmp/.X11-unix/X1
eb5fac00: 00000002 00000000 00010000 0001 01  2353 /tmp/mongodb-27017.sock
e9c24000: 00000002 00000000 00000000 0002 01 341513
eb203400: 00000002 00000000 00000000 0002 01 341510
eb5fa800: 00000002 00000000 00000000 0002 01 342398
eb293000: 00000003 00000000 00000000 0001 03 243258
eb505400: 00000003 00000000 00000000 0001 03 243257
eb505600: 00000002 00000000 00000000 0002 01 243235
eb1e2800: 00000002 00000000 00000000 0002 01 126484
e9ca5200: 00000002 00000000 00000000 0002 01  8708
eb057800: 00000003 00000000 00000000 0001 03  4649
eb057a00: 00000003 00000000 00000000 0001 03  4648
eb5cc400: 00000002 00000000 00000000 0002 01  4069
eb54c000: 00000002 00000000 00000000 0002 01  1944
eb391e00: 00000002 00000000 00000000 0002 01  2527
eb391200: 00000002 00000000 00000000 0002 01  5587
e9c24800: 00000003 00000000 00000000 0001 03  8537
e9c24a00: 00000003 00000000 00000000 0001 03  8536
e9c24e00: 00000003 00000000 00000000 0001 03  8534
eafd8000: 00000003 00000000 00000000 0001 03  8533
eafd8400: 00000003 00000000 00000000 0001 03  8531
eafd8600: 00000003 00000000 00000000 0001 03  8530
eafd8a00: 00000003 00000000 00000000 0001 03  8528
eafd8c00: 00000003 00000000 00000000 0001 03  8527
eafe0000: 00000003 00000000 00000000 0001 03  8525
eafe0200: 00000003 00000000 00000000 0001 03  8524
eafe0600: 00000003 00000000 00000000 0001 03  8522
eafe0800: 00000003 00000000 00000000 0001 03  8521
eafe0c00: 00000003 00000000 00000000 0001 03  8519
eafe0e00: 00000003 00000000 00000000 0001 03  8518
eaff7200: 00000003 00000000 00000000 0001 03  8516
eaff7400: 00000003 00000000 00000000 0001 03  8515
eaff7800: 00000003 00000000 00000000 0001 03  8513
eaff7a00: 00000003 00000000 00000000 0001 03  8512
eaff7e00: 00000003 00000000 00000000 0001 03  8510
eb68b000: 00000003 00000000 00000000 0001 03  8509
eb68b400: 00000003 00000000 00000000 0001 03  8507
eb68b600: 00000003 00000000 00000000 0001 03  8506
eb68ba00: 00000003 00000000 00000000 0001 03  8504
eb68bc00: 00000003 00000000 00000000 0001 03  8503
eb31e000: 00000003 00000000 00000000 0001 03  8501
eb31e200: 00000003 00000000 00000000 0001 03  8500
eb31e600: 00000003 00000000 00000000 0001 03  8498
eb31e800: 00000003 00000000 00000000 0001 03  8497
eb31ec00: 00000003 00000000 00000000 0001 03  8495
eb31ee00: 00000003 00000000 00000000 0001 03  8494
ead2d200: 00000003 00000000 00000000 0001 03  8492
ead2d400: 00000003 00000000 00000000 0001 03  8491
ead2d800: 00000003 00000000 00000000 0001 03  8489
ead2da00: 00000003 00000000 00000000 0001 03  8488
ead2de00: 00000003 00000000 00000000 0001 03  8486
eb314000: 00000003 00000000 00000000 0001 03  8485
eb314400: 00000003 00000000 00000000 0001 03  8483
eb314600: 00000003 00000000 00000000 0001 03  8482
eb314a00: 00000003 00000000 00000000 0001 03  8480
eb314c00: 00000003 00000000 00000000 0001 03  8479
eac00000: 00000003 00000000 00000000 0001 03  8477
eac00200: 00000003 00000000 00000000 0001 03  8476
eac00600: 00000003 00000000 00000000 0001 03  8474
eac00800: 00000003 00000000 00000000 0001 03  8473
eac00c00: 00000003 00000000 00000000 0001 03  8471
eac00e00: 00000003 00000000 00000000 0001 03  8470
eb0ce200: 00000003 00000000 00000000 0001 03  8468
eb0ce400: 00000003 00000000 00000000 0001 03  8467
eb0ce800: 00000003 00000000 00000000 0001 03  8465
eb0cea00: 00000003 00000000 00000000 0001 03  8464
eb0cee00: 00000003 00000000 00000000 0001 03  8462
eb258000: 00000003 00000000 00000000 0001 03  8461
eb258400: 00000003 00000000 00000000 0001 03  8459
eb258600: 00000003 00000000 00000000 0001 03  8458
eb258800: 00000003 00000000 00000000 0001 03  8457
eb258a00: 00000003 00000000 00000000 0001 03  8456
eb258e00: 00000003 00000000 00000000 0001 03  8453
ebbd3c00: 00000003 00000000 00000000 0001 03  8452
eb391000: 00000003 00000000 00000000 0001 03  8451
eb75e000: 00000003 00000000 00000000 0001 03  8450
eb293200: 00000002 00000000 00000000 0002 01  3472
eb391a00: 00000002 00000000 00000000 0001 01  1903
eb505c00: 00000003 00000000 00000000 0001 03  1901
eb505a00: 00000003 00000000 00000000 0001 03  1900
eb5fa000: 00000003 00000000 00000000 0001 03  8371 /var/run/mysqld/mysqld.sock
eb5fa200: 00000003 00000000 00000000 0001 03  8370
eb5fa400: 00000003 00000000 00000000 0001 03  8366 /var/run/mysqld/mysqld.sock
eb5fa600: 00000003 00000000 00000000 0001 03  8365
eb5faa00: 00000003 00000000 00000000 0001 03  8343
eb5cc000: 00000003 00000000 00000000 0001 03  8342
eb5cca00: 00000003 00000000 00000000 0001 03  8340
eb5ccc00: 00000003 00000000 00000000 0001 03  8339
eb5cc200: 00000003 00000000 00000000 0001 03  8337
eb5fae00: 00000003 00000000 00000000 0001 03  8336
eb391600: 00000003 00000000 00000000 0001 03  8334
eb75e600: 00000003 00000000 00000000 0001 03  8333
eb1e2e00: 00000003 00000000 00000000 0001 03  8331
eb1e2c00: 00000003 00000000 00000000 0001 03  8330
eb54c600: 00000003 00000000 00000000 0001 03  2315 /var/run/dbus/system_bus_socket
eb54c800: 00000003 00000000 00000000 0001 03  3249
eb203a00: 00000003 00000000 00000000 0001 03  2314
eb203c00: 00000003 00000000 00000000 0001 03  2313
ebbd3600: 00000003 00000000 00000000 0001 03  7554 @/com/ubuntu/upstart
ebbd3400: 00000003 00000000 00000000 0001 03   278
eb5cce00: 00000003 00000000 00000000 0002 01  2092
ebbd3000: 00000003 00000000 00000000 0002 01  2091
eb54ca00: 00000003 00000000 00000000 0001 03    89 @/com/ubuntu/upstart
eb54cc00: 00000003 00000000 00000000 0001 03  3086
